加密点坐标计算结果（单位mm）：
4202   597.441   1649.918   -4926.895
4203   600.645   1379.799   -4931.261
4204   600.698   930.975   -4930.376
4205   599.781   474.953   -4930.056
4206   599.968   191.967   -4929.043
4207   598.449   14.430   -4929.163
4208   598.671   -189.045   -4928.741
4209   599.378   -391.669   -4928.597
4210   599.475   -630.114   -4928.791
2202   600.411   1446.410   -5934.417
2203   599.239   922.451   -5934.255
2206   599.203   -299.510   -5933.745
2207   597.659   -577.408   -5933.315
4301   1617.877   1883.534   -4917.238
4302   1615.978   1687.296   -4913.365
4303   1614.839   1314.942   -4916.353
4304   1615.971   1001.201   -4916.454
4305   1617.418   689.795   -4916.772
4306   1616.032   387.302   -4916.791
4307   1619.123   145.386   -4917.397
4308   1617.230   -186.604   -4918.036
4309   1617.723   -482.415   -4918.182
4310   1617.961   -680.922   -4918.371
4311   1620.059   -912.766   -4918.760
3301   1609.489   1795.049   -5420.714
3302   1611.822   1457.508   -5417.438
3303   1610.612   1133.029   -5422.260
3304   1613.147   852.597   -5422.195
3305   1612.608   536.567   -5421.973
3306   1612.501   207.597   -5421.405
3307   1613.319   68.934   -5420.901
3308   1613.817   -119.394   -5420.326
3309   1612.727   -359.603   -5420.528
3310   1612.634   -507.118   -5421.068
3311   1610.118   -682.326   -5421.890
4801   2140.871   1870.954   -4855.831
4802   2141.500   1657.083   -4855.567
4803   2141.688   1476.283   -4851.368
4804   2140.485   1111.663   -4853.491
4805   2141.968   793.792   -4852.150
4806   2141.484   468.863   -4852.953
4807   2140.202   223.883   -4853.395
4808   2139.952   -31.915   -4853.995
4809   2140.546   -307.978   -4854.377
4810   2140.126   -516.078   -4854.887
4811   2138.781   -740.872   -4857.124
3801   2133.129   1891.592   -5422.080
3802   2137.686   1667.916   -5422.728
3803   2134.196   1455.715   -5420.253
3804   2138.956   1130.374   -5424.364
3805   2141.261   840.320   -5423.930
3806   2135.748   523.866   -5425.528
3807   2138.136   206.292   -5423.631
3808   2137.453   63.454   -5422.218
3809   2136.041   -164.914   -5421.289
3810   2135.332   -334.558   -5421.711
3811   2135.600   -571.125   -5421.501
3812   2133.514   -813.867   -5421.360
2801   2152.576   1883.030   -5921.258
2802   2150.560   1661.115   -5921.731
2803   2149.252   1454.861   -5917.808
2804   2152.702   1204.312   -5921.027
2805   2149.605   958.420   -5921.021
2806   2153.427   658.877   -5921.352
2807   2150.699   436.398   -5920.935
2808   2152.657   150.976   -5921.913
2809   2153.405   -102.118   -5921.782
2810   2153.664   -519.310   -5922.304
2811   2153.173   -814.387   -5922.161
2812   2153.680   -1085.934   -5923.230
4401   2660.178   1869.533   -4907.755
4402   2657.762   1660.660   -4904.731
4403   2662.458   1297.767   -4907.514
4404   2663.050   925.485   -4906.924
4405   2662.421   579.769   -4905.938
4406   2660.778   310.455   -4904.986
4407   2660.465   -43.544   -4905.511
4408   2659.559   -388.937   -4906.093
4409   2660.627   -658.637   -4907.137
4410   2659.875   -1039.173   -4906.654
3402   2660.099   1662.192   -5413.541
3403   2661.418   1371.184   -5410.889
3404   2664.612   912.798   -5417.316
3405   2664.243   470.903   -5418.795
3406   2663.070   169.785   -5417.630
3407   2662.257   -130.197   -5415.246
3408   2659.548   -430.271   -5415.683
3409   2660.387   -730.917   -5414.024
2401   2659.008   1785.710   -5907.381
2402   2661.335   1365.482   -5910.194
2403   2662.647   1040.691   -5910.654
2404   2663.121   624.780   -5912.242
2405   2663.053   285.425   -5914.211
2406   2662.232   22.759   -5914.753
2407   2662.556   -276.063   -5914.434
2408   2659.569   -576.769   -5913.311
4501   3683.988   1894.255   -4900.614
4502   3685.158   1678.990   -4897.230
4503   3685.911   1375.805   -4901.039
4504   3686.833   1040.125   -4900.824
4505   3688.071   671.566   -4900.557
4506   3687.635   378.237   -4899.998
4507   3691.137   100.774   -4900.138
4508   3689.951   -276.320   -4898.785
2501   3687.421   1861.718   -5893.767
2502   3690.158   1588.101   -5897.550
2503   3693.869   1256.926   -5897.786
2504   3693.774   868.040   -5898.626
2505   3693.432   509.218   -5897.287
2506   3692.529   270.741   -5897.586
2507   3691.656   -114.580   -5898.224
2508   3686.976   -524.443   -5898.838
2509   3688.096   -841.001   -5898.679
2510   3686.319   -1051.157   -5898.780
4602   4711.018   1662.656   -4885.544
4603   4711.716   1391.822   -4888.421
4604   4712.379   1071.499   -4888.048
2602   4719.179   1551.885   -5896.477
2603   4718.170   1157.083   -5896.392
2604   4718.482   838.965   -5897.015
2605   4717.287   513.791   -5895.514
2606   4717.780   167.286   -5896.549
2607   4718.725   -137.666   -5896.397
2608   4717.339   -515.306   -5895.938
