加密点坐标计算结果（单位mm）：
4202    0.255
4203    0.250
4204    0.244
4205    0.240
4206    0.238
4207    0.238
4208    0.238
4209    0.238
4210    0.239
2202    0.330
2203    0.321
2206    0.312
2207    0.313
4301    0.253
4302    0.249
4303    0.242
4304    0.238
4305    0.235
4306    0.232
4307    0.232
4308    0.231
4309    0.232
4310    0.234
4311    0.236
3301    0.283
3302    0.276
3303    0.271
3304    0.267
3305    0.264
3306    0.262
3307    0.261
3308    0.261
3309    0.261
3310    0.262
3311    0.262
4801    0.248
4802    0.244
4803    0.240
4804    0.235
4805    0.231
4806    0.229
4807    0.228
4808    0.227
4809    0.228
4810    0.229
4811    0.231
3801    0.283
3802    0.278
3803    0.274
3804    0.269
3805    0.265
3806    0.262
3807    0.260
3808    0.260
3809    0.260
3810    0.260
3811    0.261
3812    0.262
2801    0.324
2802    0.319
2803    0.314
2804    0.310
2805    0.306
2806    0.303
2807    0.300
2808    0.299
2809    0.298
2810    0.298
2811    0.299
2812    0.301
4401    0.251
4402    0.246
4403    0.240
4404    0.235
4405    0.232
4406    0.230
4407    0.230
4408    0.231
4409    0.232
4410    0.236
3402    0.278
3403    0.272
3404    0.266
3405    0.262
3406    0.260
3407    0.259
3408    0.260
3409    0.262
2401    0.321
2402    0.312
2403    0.307
2404    0.302
2405    0.299
2406    0.298
2407    0.298
2408    0.298
4501    0.255
4502    0.250
4503    0.245
4504    0.240
4505    0.236
4506    0.234
4507    0.233
4508    0.233
2501    0.331
2502    0.325
2503    0.318
2504    0.312
2505    0.308
2506    0.306
2507    0.305
2508    0.306
2509    0.307
2510    0.309
4602    0.265
4603    0.260
4604    0.254
2602    0.350
2603    0.342
2604    0.337
2605    0.333
2606    0.330
2607    0.329
2608    0.330
